make build
make[1]: Entering directory '/home/anachiarelli/projects/UDESC/tcc/simulation'
make[1]: 'build' is up to date.
make[1]: Leaving directory '/home/anachiarelli/projects/UDESC/tcc/simulation'
docker run --rm -ti -v ./:/root/simulation --workdir /root/simulation/build/simulations/grouping_at_fixed_point tcc-simulation-env make
[ 90%] Built target enki
[100%] Built target grouping_at_fixed_point
docker run --rm -ti -v ./:/root/simulation --workdir /root/simulation/build/simulations/grouping_at_fixed_point tcc-simulation-env ./grouping_at_fixed_point
280.07 182.332
287.976 184.051
260.809 148.741
199.569 133.111
256.201 157.837
281.196 181.711
198.235 130.973
216.806 147.86
210.219 127.833
250.062 143.939
253.056 143.118
213.466 142.877
202.391 120.834
198.647 128.842
254.895 164.088
225.575 135.203
209.866 131.314
202.424 132.278
242.382 152.428
198.832 133.514
193.291 135.224
215.535 130.997
192.496 113.348
179.509 116.095
213.037 129.074
202.868 129.171
185.401 129.613
203.737 126.594
225.661 135.478
218.05 143.123
220.005 142.689
191.287 119.677
197.319 135.076
233.608 134.773
219.849 128.462
162.825 114.006
198.7 123.859
156.645 115.31
193.452 134.02
237.035 140.105
189.277 129.017
206.927 130.763
207.952 131.796
170.934 109.456
225.029 138.935
177.579 121.442
202.418 141.598
212.556 128.137
205.509 143.708
220.766 139.273
186.348 136.482
215.183 136.646
171.113 122.989
189.163 117.699
235.096 145.838
246.516 176.232
229.067 132.477
175.199 124.255
188.908 129.113
251.216 148.404
196.804 120.489
172.036 114.648
242.399 141.332
213.094 142.212
213.297 123.312
224.413 135.907
241.543 145.617
195.901 134.888
224.502 128.69
180.535 118.359
223.858 128.239
203.418 120.617
237.341 144.241
221.385 126.674
219.314 142.177
197.239 128.447
202.744 127.451
153.651 115.432
235.298 164.26
143.068 111.697
263.537 155.268
253.063 151.508
216.409 138.788
163.888 124.767
200.297 121.627
207.734 131.529
238.105 144.207
229.745 128.077
168.485 124.244
174.525 116.522
181.573 130.743
180.182 126.237
185.711 116.261
211.19 132.311
240.042 143.282
202.089 120.924
231.843 142.851
221.716 137.386
226.905 129.356
236.011 147.278
217.145 145.731
212.726 145.294
179.98 118.875
229.774 135.876
171.103 122.384
184.415 117.547
168.727 128.014
262.324 144.983
180.326 114.375
225.18 147.905
196.476 124.983
138.369 107.648
215.337 128.708
181.653 135.662
189.905 122.098
153.791 111.843
171.622 114.051
202.495 135.556
201.168 120.605
246.017 143.193
214.991 134.922
231.927 140.687
212.848 131.066
218.114 137.907
182.366 120.638
210.36 123.764
241.605 150.971
193.057 126.948
243.181 139.356
225.865 131.104
232.08 131.765
192.486 129.7
220.601 144.249
173.02 121.323
185.649 119.215
216.92 132.69
180.34 120.776
219.8 137.472
200.141 126.781
222.806 131.909
241.052 137.084
221.137 129.135
200.696 134.019
205.603 142.823
202.597 125.892
223.372 139.272
226.246 130.602
153.63 114.197
189.788 124.653
316.993 184.944
224.37 124.839
182.269 122.201
225.74 146.4
202.042 148.637
194.754 124.509
192.181 120.097
159.631 118.778
178.123 121.881
236.559 151.8
218.166 139.644
204.043 116.147
196.653 120.39
185.405 123.25
164.927 115.697
259.757 155.55
166.835 120.699
225.284 136.709
192.633 131.994
253.31 152.041
206.798 138.106
209.647 115.004
214.95 132.574
135.351 111.087
219.005 124.75
171.024 107.996
184.685 117.278
222.058 136.523
217.206 143.524
224.804 139.451
241.388 140.137
137.751 107.595
185.294 121.945
198.636 127.825
227.006 139.308
192.732 134.232
180.749 125.657
179.978 123.297
227.04 157.201
206.724 127.006
194.779 120.184
170.028 124.874
241.942 135.322
221.746 127.689
220.314 130.395
182.31 122.956
186.439 118.54
212.188 123.838
192.595 128.865
243.569 146.957
222.096 136.574
243.662 160.283
160.762 108.731
174.549 115.731
212.951 129.957
180.719 127.953
235.89 146.235
160.599 122.23
209.556 115.99
198.236 125.319
167.763 127.983
197.32 135.406
179.827 128.276
